0 0.5873333333333334 0.676 0.05333333333333334 0.102
0 0.7576666666666667 0.816 0.138 0.16
0 0.6573333333333333 0.504 0.052 0.098
0 0.21 0.671 0.03866666666666667 0.104
0 0.154 0.754 0.05733333333333333 0.128
0 0.3283333333333333 0.8 0.106 0.154
0 0.5143333333333333 0.889 0.11666666666666667 0.146
0 0.24633333333333332 0.457 0.056666666666666664 0.086
0 0.1 0.4215 0.048 0.097
0 0.19533333333333333 0.372 0.06133333333333333 0.082
0 0.561 0.4415 0.07266666666666667 0.099
0 0.5133333333333333 0.398 0.028 0.088
0 0.4633333333333333 0.394 0.04133333333333333 0.088
0 0.4696666666666667 0.734 0.094 0.144
0 0.938 0.8585 0.092 0.217
0 0.085 0.8705 0.09133333333333334 0.151
0 0.8186666666666667 0.493 0.08533333333333333 0.122
0 0.748 0.359 0.088 0.086
0 0.4026666666666667 0.4285 0.04666666666666667 0.107
0 0.4136666666666667 0.5565 0.05 0.101