1 0.4827001953125 0.37109375 0.0460400390625 0.5859375
1 0.0910302734375 0.4571223958333333 0.1053271484375 0.5161848958333334
1 0.2490234375 0.6063997395833333 0.0613818359375 0.7403255208333334
1 0.3348193359375 0.5682682291666666 0.0739404296875 0.6584830729166666
1 0.428642578125 0.61802734375 0.0634765625 0.6296484375
1 0.5398974609375 0.83482421875 0.1032373046875 0.3303580729166667
1 0.8004345703125 0.2692513020833333 0.0802197265625 0.2743684895833333
1 0.7868310546875 0.71521484375 0.1213720703125 0.5450130208333334
1 0.7763671875 0.5436197916666666 0.0544091796875 0.44177734375000005
1 0.1632275390625 0.8431901041666667 0.0558056640625 0.31361328125
1 0.0711474609375 0.8697005208333333 0.05859375 0.26060546875
1 0.1130029296875 0.8673763020833333 0.0334814453125 0.26525390625