1 0.5648828125 0.5572380952380952 0.1361083984375 0.6126373626373627
1 0.9564208984375 0.17399267399267399 0.076904296875 0.25274725274725274
1 0.888369140625 0.31959706959706957 0.0518798828125 0.10256410256410256
1 0.697021484375 0.14835164835164835 0.025634765625 0.10256410256410256
1 0.716552734375 0.5691428571428572 0.03173828125 0.5558608058608059
1 0.6729150390625 0.43223443223443225 0.0286865234375 0.38278388278388276
1 0.6634521484375 0.7486300366300366 0.04150390625 0.19139194139194138
1 0.4214501953125 0.5022930402930403 0.1470947265625 0.37454212454212454
1 0.2896142578125 0.4665787545787546 0.0958251953125 0.26282051282051283
1 0.2151513671875 0.5041245421245422 0.0457763671875 0.22252747252747251
1 0.1101708984375 0.23764102564102563 0.0408935546875 0.2664835164835165